1;SuperChange;;0;11941
10;My-Xchange;878525859540;1034;9145
29;N-Change;;0;445359
48;Exwp;800811812711;1810;188500
51;ExchangeX;687408836403;1942;350350
52;NetExchange;;0;1257928
67;СуперОбменка;249714880659;4858;451235
382;Bit-Changer;;0;161123504
443;ОбменОМ;;0;55044
79;E-Obmen;;0;545084
80;Vmex;060994506852;1700;220874
83;ОбменникWs;249714880659;4858;1393633
90;Ex-Money;;0;42720455
106;Me24;413483251593;647;8211
107;WM-Sha;881627402476;1780;8431
120;MagneticExchange;;0;232226
142;WmPayCash;256939015533;0;1129336
152;Vilcov;;0;45989
154;eCashMe;878525859540;1034;7643
155;Z-Obmen;;0;42943
157;WmBox;329025066047;1160;319932
184;Xchange;;0;247871919
197;WMSell;;0;9005
201;NixExchange;;0;411494
218;A-Exchange;;0;164157
219;I-Obmen;;0;6113974
220;WMGlobus;;0;0
223;МультиВал;;0;324026
227;MoneyChange;;0;50428
238;E-Money;;0;2185153
239;E-Scrooge;;0;35821468
643;Bchange;;0;436845
252;VIPchanger;397640011232;2411;3412999
730;WmMoney;445709135419;1404;1513
255;BazarMoney;250647852481;1145;10389
256;PM2BTC;;0;243620
259;BTC2Cashin;;0;151773
268;Rapid-Obmen;;0;12385579
269;Paspar;;0;228980
271;GoldObmen;;0;0
273;ArmChange;;0;204978
274;MultiChange;;0;135027627
277;BTC2WM;;0;100000
279;MChange;;0;607500991
291;Ukr-Obmen;;0;3992850
297;Меняйко;192211650456;1672;2880
299;ObmenCash;;0;18835
311;Cryptex24;;0;68862
327;24Обмен;;0;13765
329;TytCoin;;0;33915
337;1WM;;0;66563
341;WMStream;185657319746;0;114810579
362;D-Obmen;;0;452706
364;N-Obmen;;0;11286
366;WmCurrency;;0;0
370;Obmenneg;426424364533;0;8945
372;HotExchange;;0;14867526
374;Echange;401537073488;777;21301
375;CashTransfers;123974018633;0;0
377;ExBox;;0;110442701
380;FavoriteExchanger;266156638013;1455;2682645
386;Exch-em;;0;30265221
387;365Cash;;0;236998
395;InternetMoney;;0;32882575
397;AllCash;;0;15651357
399;CleanBTC;491088628726;0;2673002
405;OpenChange;;0;196846432
409;5Минут;157677488095;365;115504
411;BTCBank;;0;58473
412;WW-Pay;;0;1013688
417;24PayBank;;0;49605169
421;Receive-Money;;0;6775554
430;CoinTransfer;;0;53246502
433;Smart-Pays;;0;338399
436;RealExchange;271040623560;1253;3366160
921;Сатоши;;0;2905132
437;RuChange;;0;102104
438;WestChange;;0;1828146
439;Makoli;;0;53429
444;Конверт;;0;105926
445;24Online;;0;2357275
447;SpbWMCasher;049282223299;0;28904532
830;EliteObmen;;0;1502313
460;Lionex;;0;194675
466;BtcChange24;;0;1958314
464;MegaChange;380536951311;1456;70083
467;GoodObmen;;0;3443
468;Magnatus;;0;923370
469;MasterChange;238890286272;2119;29003691
471;ChBy;;0;35489011
472;Changer4u;;0;1558732
473;ImExchanger;;0;419712669
489;ZB;;0;0
488;FastChange;;0;20344049
490;O-Paxum;;0;116115
498;Kraken;;0;0
499;Huobi;;0;0
502;OkCoin;;0;0
500;BitStamp;;0;0
504;OKEx;;0;0
497;Cexio;;0;0
496;Bitfinex;;0;0
492;Poloniex;;0;0
797;Excoin;;0;162359462
501;Currency;;0;0
503;HitBTC;;0;0
505;CryptoMate;;0;0
508;Gemini;;0;0
507;Bitkonan;;0;0
510;Binance;;0;0
509;TheRockTrading;;0;0
511;Bittrex;;0;0
512;CoinBase;;0;0
515;YoBit;;0;0
517;BaksMan;;0;128139150
521;Шахта;;0;15468011
522;Касса;;0;1775233
519;BitExchanger;;0;43689977
526;FastExchange;;0;254370
528;WmExpress;;0;190754767
532;QuickChange;;0;5996668
536;WuBill;;0;6043987
535;BitPayes;;0;2722
537;100BtcKiev;;0;1400797
538;50Cents;;0;41147802
539;NewLine;;0;232190189
544;Банкомат;;0;48842924
540;CryptoPay24;;0;31399706
743;Treddr;894221020033;8;729434
546;NetEx24;;0;2058363
548;ObmenTop;191116885147;831;6971
551;RocketChange;;0;5799522
555;Cashex;;0;233539125
556;ObmennCom;;0;37186
558;1Exchanger;;0;26361
559;MinedTrade;;0;3402512
561;BetaTransfer;;0;62673
562;Z-Exchange;;0;15761
565;Transfer24;;0;28836631
567;Coin-Bank;;0;89969
573;Биткоин24;;0;60933
575;Your-Coins;;0;24080
577;Bit-Обменка;;0;16389261
580;4ange;;0;28534371
581;8Pay;437302142553;1185;1371863
584;F-Change;;0;82985013
585;ObmenoFF;;0;487840
586;КэшБанк;;0;34875145
1091;NordChange;;0;5572262
588;7Money;;0;594014
590;ExMoney;;0;15385
608;GeeExchange;;0;26299468
606;CryptoMoney;;0;55339050
607;60сек;;0;225460965
609;ObmenMoney;279259009479;616;244187
614;El-Change;;0;39869009
615;Pocket-Exchange;;0;160486082
620;4Exchange;;0;104622
618;24BestEx;;0;10378162
624;VV-Obmen;;0;87051
622;ProstoCash;;0;1186450036
625;PayGet;;0;18900545
629;MonEx;189133223119;3061;252382
626;Best-Obmen;;0;29363974
636;WorldChange;;0;0
664;BitHunter;;0;94488630
645;BtcBit;;0;9531295
681;CryptoHome;;0;4736725
635;Staff-Obmen;;0;61909
633;YChanger;;0;307677077
736;Обменник-UZ;;0;71758
634;BestCoin;;0;3471348
668;MyCryptoMarket;;0;713653
650;Real-Bit;;0;7668429
638;Bitcoin24SU;;0;238584774
642;BuyBit;;0;14854
655;BitStore;;0;8366301
659;1-Online;;0;94184484
665;Perfect-Change;;0;92957
652;LasloBit;;0;270295
731;BigBank;;0;38520315
689;TransCoin;;0;1939348
657;Easy-Changer;;0;500473
661;Ферма;;0;32466259
654;Ru-Bas;;0;119851
738;HASchange;;0;66607097
702;Papa-Change;;0;430460
660;FlyChange;;0;4325392
714;Top-Exchange;;0;383672
719;ObmenLite24;;0;20343972
672;99Francs;;0;150485
715;Coins-Trade;;0;476817
658;BtcTenge;;0;40477495
686;1Mile;;0;78694678
695;BTC-Обменник;;0;13957518
706;HoBit;;0;2794029
705;Cryptonex;;0;43087
713;CashOut;;0;430701
687;WikiPays;;0;4391817
749;BitOkk;;0;158268216
690;Fair-Exchange;413428403759;0;24972
685;BitCash;;0;668329
723;BitObmen;;0;610694
718;Platov;;0;22061865
712;Criptify;;0;109288
755;Big-Changer;;0;71583
703;Obmen4you;320026778932;1571;11588
716;Bitok777;;0;130445
782;Tec-Bit;;0;4012682
750;CashAdmin;;0;78550691
763;PushPayer;753021635396;0;63326
758;CryptoBox;;0;7582678
741;BTCe-Obmen;;0;1188079
737;BonkyPay;232342940453;0;112333619
761;FlashObmen;;0;276905
757;ChangeNow;;0;62951788
770;BTC24pro;;0;0
779;MoneyMix;;0;5534535
790;2rbina;;0;103937362
776;XbiTrade;;0;755166
785;PayMarket;;0;166149
780;Bitcoin24Pro;;0;62258950
766;UniCash;;0;71255100
764;NiceChange;;0;70255271
772;CoinPayMaster;;0;424620180
792;SberBit;;0;470965
799;Криптообменник;;0;396747
801;Coin-Future;;0;266577
793;IceBTC;;0;25246852
798;Quickex;;0;44046690
808;ChangeCoins;;0;1621122
814;BitBits;;0;68031
835;7Pay;709807738416;1645;355577
827;Crypster;;0;14237558
818;R-Obmen;;0;0
812;Ex-Bank;;0;3718052
823;Обменочка;;0;1809045
809;XbitMoney;155289860990;1607;104583
825;MyChanger;;0;2912447
816;WM007;;0;15425
840;YoChange;;0;320535318
838;AlfaExchange;;0;55918016
839;MyInvestStory;;0;2908
821;ExchangeTeam;;0;168662379
815;Belqi;;0;17648287
842;AllMoney;406103529800;225;536964
850;Keine-Exchange;;0;0
846;ExchangeYourMoney;;0;2120321
848;SwapCoin;;0;15702594
852;RamonCash;;0;17969679
857;Paytiz;227421344645;275;0
855;CoinStart;;0;123952713
858;FixedFloat;;0;5579605
865;Bixter;;0;12315483
869;ExpoChange;412963033166;0;590098
866;Delets;;0;12822191
872;WM-Obmen;362955051206;1793;420850
871;BitokMe;;0;378256865
895;CryptoBarMen;;0;44660731
867;Сумма;;0;455612
870;Alfa-Trades;;0;18720423
882;BuyBank;;0;4500209
881;AllTrustMe;;0;1764997
877;Об-мен;963523258975;148;862750
884;Cryptex;;0;2004686
907;ObmenAT24;;0;2193244
1093;GetExch;;0;0
905;TraiderIdeal;;0;49795
902;BTC-Волга;;0;9546125
885;JPMarket;;0;541204
897;AnonEx;;0;1861128
888;GramBit;;0;203215985
894;КупиБит;;0;2168746
898;Вобменка;;0;468750
901;WMStar;310224582545;0;211634
899;CoinShop24;;0;141167346
900;Obmen-Box;;0;0
896;CoinChanger;;0;1528510
910;WMT;797230232341;302;342260
915;CoinGuru;;0;50441684
914;Ex-code;;0;854
989;CoinsBlack;890273718097;0;8440823
913;Quantex;;0;2332371
917;Micro-exchange;;0;30972025
916;Cryptos;;0;252227
925;Sunduk;;0;864236
939;EuroBit;;0;12442440
935;Wiki-Exchange;;0;46465744
922;PayWallet;;0;170439
943;TopCash;;0;122809
927;Msk-Exchange;;0;304735
933;TytCash;;0;90900
929;RoyalCash;;0;420552804
930;Crypto-Store;;0;463771
942;ExHub;;0;7780615
944;EExchanger;330964771407;0;19477500
949;Coco-Pay;;0;4720341
948;AbcObmen;;0;156984510
951;PrideChange;;0;17868664
952;ExLine;;0;234210
954;EggChange;;0;26853675
961;MyBTC;;0;27397705
960;Crybex;195257639270;0;24330895
959;ExchangeKey;;0;42146657
953;Livex;;0;33370
956;Обменко;;0;5281576
958;24Zone;;0;30602534
962;StyleBTC;;0;321921
963;Global-Ex;;0;476494
955;AlfaBit;;0;61886742
966;BlaBlaChange;;0;124182996
964;ExBase;;0;445417
967;КриптоОбмен;;0;1403880
981;WMChanger;;0;7878283
1016;Банкир;;0;291966
997;CoinJoin;;0;24402812
985;Tuco;;0;10950387
983;Bitality;;0;417542864
968;CryptoMax;;0;106339645
973;Number1;;0;8647376
977;CityBit;;0;7375624
984;Cash-Bit;;0;6781906
969;4Money;;0;35759250
994;TipTopObmen;;0;59803247
976;ChangeProject;;0;363831776
992;OneMoment;;0;419158051
970;AlfaChange;;0;74861402
987;Itez;;0;3510351
982;WxMoney;;0;37515359
974;BestKurs24;;0;1106944
980;GrandChange;;0;398098022
975;PremierCash;;0;619304
986;PayFull;;0;71871
1011;IChangeOne;137024936562;0;1913963
999;LetsPay;;0;1066759
1003;Crypto-Market24;;0;716153
998;Момент;;0;36177
1040;HiExchange;209080513788;552;538125
1013;AvanChange;359556728149;0;30832173
1008;BroExchange;;0;32171061
1005;EezyCash;594705036984;3;23740073
1006;Сова;;0;256210554
1002;ExCenter;;0;4455027
1001;CatBit;;0;2865286
1000;BazaObmena;;0;13441883
1007;Platex;;0;0
1014;Coin24;;0;4071731
1015;ТочкаОбмена;512160110371;0;29910
1020;Bit2Cash;;0;1520511
1010;Coinumm;;0;872749
1032;Crypto-Bank;;0;233129
1026;Ripae;;0;371586
1021;Крипта;;0;180776803
1009;CryptoShopping;;0;16621
1029;SwiftChange;;0;17163206
1004;ExWm;910856141988;532;10094
1038;Обама;455223738561;227;3140913
1036;CoinCat;;0;10669227
1028;BTCSale;;0;14860203
1023;UnioChange;;0;17417296
1033;CosmoChanger;;0;33455502
1025;GlobalBits;;0;37499184
1035;CryptoXchange;;0;4636132
1024;Just-Exchanger;;0;20129
1037;Crypik;;0;5199958
1034;ClickPay;285857469245;41;11662942
1047;Money-Office;;0;8744863
1046;Муха;;0;225667
1045;AgCash;;0;3984533
1044;BitBong;;0;12750424
1041;AnyExchange;;0;0
1081;DotSatoshi;;0;11683397
1042;CoinBox;;0;0
1049;BlaBlaMoney;;0;23099775
1050;Kursov24;;0;32055239
1055;Finex24;;0;0
1065;X-Obmen;905028210175;0;921764
1054;24BitBank;;0;1733137
1053;ATMExchanger;;0;828478
1052;Artek-Exchanger;;0;2139842
1057;Fly-Pay;206304305615;79;264568
1056;First-BTC;;0;21113209
1062;FlyObmen;;0;37607
1064;ObmenGuru;185471005666;154;38664
1051;КриптоКасса;;0;1879597
1061;Adb;;0;126966468
1069;Clean-Exchange;;0;1053498
1060;CryptoStrike;;0;53634883
1063;Оборот;;0;115391
1067;InstaBit;557452850931;0;0
1066;1Million;;0;261123
1074;CoinBlinker;;0;14133191
1070;Монеткин;;0;36564206
1071;CoinDrop;;0;447305
1072;N1ex;;0;21141
1073;IziBTC;;0;118331186
1079;WMZSale;111804423672;466;41739
1078;AtPayz;806980557044;0;1024248
1080;BTCKassa;;0;438101
1094;SCSObmen;951426373513;90;0
1085;NateBit;;0;22646059
1084;Easy-Change;;0;62099
1083;ExpressMoney;;0;158187
1092;Cash2Pay;;0;0
1086;ExchangeForMe;;0;0
1089;AllTop;;0;0
1088;Swap-Exchange;;0;51442
1095;YaObmen;;0;1897046