1;SuperChange;;0;7284
10;My-Xchange;878525859540;1068;3696
29;N-Change;;0;3833704
48;Exwp;800811812711;1815;0
51;ExchangeX;687408836403;1967;336117
52;NetExchange;;0;757341
443;ОбменОМ;;0;8411
79;E-Obmen;;0;424445
80;Vmex;060994506852;1729;104114
83;ОбменникWs;249714880659;1962;2610177
90;Ex-Money;;0;41641019
106;Me24;413483251593;921;0
107;WM-Sha;881627402476;1800;3866
120;MagneticExchange;;0;635286
142;WmPayCash;256939015533;0;3396911
152;Vilcov;;0;101126
154;eCashMe;878525859540;1068;5315
155;Z-Obmen;;0;47222
157;WmBox;329025066047;0;761135
177;Alfacash;;0;132786
184;Xchange;;0;193692590
197;WMSell;;0;0
201;NixExchange;;0;306078
218;A-Exchange;;0;1150172
219;I-Obmen;;0;4711702
223;МультиВал;;0;212339
227;MoneyChange;;0;50545
238;E-Money;;0;2444983
239;E-Scrooge;;0;38346661
643;Bchange;;0;2160479
251;24Obmin;253649550654;0;853554
252;VIPchanger;397640011232;2481;783483
730;WmMoney;445709135419;1373;0
255;BazarMoney;250647852481;1167;15675
257;PM2WM;;0;100000
259;BTC2Cashin;;0;119554
260;PM2Cashin;;0;597838
268;Rapid-Obmen;;0;114675481
269;Paspar;;0;109965
271;GoldObmen;;0;7472
273;ArmChange;;0;17447
274;MultiChange;;0;117931528
276;BTC2PM;;0;82749
277;BTC2WM;;0;100000
279;MChange;;0;597836219
291;Ukr-Obmen;;0;4200055
297;Меняйко;192211650456;1678;0
299;ObmenCash;;0;20513
326;Matbea;;0;69698
327;24Обмен;;0;17092
362;D-Obmen;;0;550747
364;N-Obmen;;0;8408
366;WmCurrency;;0;0
372;HotExchange;;0;7710987
374;Echange;401537073488;460;5516
375;CashTransfers;123974018633;0;7067214
380;FavoriteExchanger;266156638013;1499;3109195
386;Exch-em;;0;11646562
387;365Cash;;0;256167
397;AllCash;;0;19554704
399;CleanBTC;491088628726;0;0
405;OpenChange;;0;37228130
409;5Минут;157677488095;344;119841
417;24PayBank;;0;832217498
421;Receive-Money;;0;14232351
430;CoinTransfer;;0;0
433;Smart-Pays;;0;69654
436;RealExchange;271040623560;1353;4576541
921;Сатоши;;0;2742099
437;RuChange;;0;104210
438;WestChange;;0;6544167
444;Конверт;;0;61256
447;SpbWMCasher;049282223299;0;230869510
830;EliteObmen;;0;166285
460;Lionex;;0;86846
466;BtcChange24;;0;3651885
464;MegaChange;380536951311;1518;71210
468;Magnatus;;0;1630226
469;MasterChange;238890286272;2118;33979826
471;ChBy;;0;21607949
472;Changer4u;;0;1095835
473;ImExchanger;;0;33203243
474;SuperChangeNet;;0;46545
489;ZB;;0;0
488;FastChange;;0;24476925
490;O-Paxum;;0;115813
498;Kraken;;0;0
499;Huobi;;0;0
502;OkCoin;;0;0
500;BitStamp;;0;0
504;OKX;;0;0
497;Cexio;;0;0
496;Bitfinex;;0;0
492;Poloniex;;0;0
797;Excoin;;0;44616961
501;Currency;;0;0
503;HitBTC;;0;0
508;Gemini;;0;0
510;Binance;;0;0
509;TheRockTrading;;0;0
511;Bittrex;;0;0
512;CoinBase;;0;0
515;YoBit;;0;0
517;BaksMan;;0;133789955
521;Шахта;;0;17721835
522;Касса;;0;1503523
519;BitExchanger;;0;54277200
526;FastExchange;;0;220857
531;FastWM;;0;1195795
532;QuickChange;;0;4633074
535;BitPayes;;0;4381
537;100BtcKiev;;0;1576892
538;50Cents;;0;42800619
539;NewLine;;0;240120978
544;Банкомат;;0;38702994
540;CryptoPay24;;0;28530145
743;Treddr;894221020033;15;292331
546;NetEx24;;0;1539131
548;ObmenTop;191116885147;850;0
551;RocketChange;;0;2369669
556;ObmennCom;;0;42164
558;1Exchanger;;0;0
559;MinedTrade;;0;4069790
561;BetaTransfer;;0;3246
562;Z-Exchange;;0;15449
565;Transfer24;;0;7005908
567;Coin-Bank;;0;100159
573;Биткоин24;;0;8396
575;Your-Coins;;0;0
577;Bit-Обменка;;0;34182121
580;4ange;;0;34236927
581;8Pay;437302142553;0;431524
584;F-Change;;0;219985
585;ObmenoFF;;0;60231
1091;NordChange;;0;6082869
588;7Money;;0;1016883
590;ExMoney;;0;15623
604;BestObmen;;0;5400
608;GeeExchange;;0;23604363
606;CryptoMoney;;0;24852094
607;60сек;;0;238377251
609;ObmenMoney;279259009479;857;0
611;ChangerClub;;0;86542
614;El-Change;;0;249734
615;Pocket-Exchange;;0;550258764
620;4Exchange;;0;49068
618;24BestEx;;0;16422298
624;VV-Obmen;;0;3061
622;ProstoCash;;0;1168711956
625;PayGet;;0;24179345
629;MonEx;189133223119;3119;139241
626;Best-Obmen;;0;22292512
640;BTC2Pay;;0;16601414
636;WorldChange;;0;2171561
664;BitHunter;;0;29319
645;BtcBit;;0;9581806
681;CryptoHome;;0;7628392
635;Staff-Obmen;;0;753869
633;YChanger;;0;220335301
736;Обменник-UZ;;0;962
668;MyCryptoMarket;;0;1160553
650;Real-Bit;;0;20201577
638;Bitcoin24SU;;0;227794604
642;BuyBit;;0;17072
655;BitStore;;0;2648736
659;1-Online;;0;102812173
665;Perfect-Change;;0;101088
670;FastEx;;0;252641
652;LasloBit;;0;372118
731;BigBank;;0;60224072
657;Easy-Changer;;0;355713
661;Ферма;;0;48004324
738;HASchange;;0;62568460
702;Papa-Change;;0;267306
660;FlyChange;;0;2835556
714;Top-Exchange;;0;241592
719;ObmenLite24;;0;52845264
672;99Francs;;0;37183214
658;BtcTenge;;0;0
686;1Mile;;0;46242859
695;BTC-Обменник;;0;5253165
706;HoBit;;0;2936794
705;Cryptonex;;0;36071
713;CashOut;;0;200000
687;WikiPays;;0;1638
690;Fair-Exchange;413428403759;0;26505
685;BitCash;;0;449530
684;100Bitcoins;;0;758344
723;BitObmen;;0;953138
718;Platov;;0;31675931
688;ExchangeExpress;279259009479;857;0
712;Criptify;;0;45164
755;Big-Changer;;0;5465
703;Obmen4you;320026778932;1638;0
716;Bitok777;;0;134
782;Tec-Bit;;0;5123161
763;PushPayer;753021635396;0;104090
758;CryptoBox;;0;8996971
741;BTCe-Obmen;;0;930883
737;BonkyPay;232342940453;0;137543315
761;FlashObmen;;0;227263
754;24XChange;;0;212850
757;ChangeNow;;0;64711412
770;BTC24pro;;0;1694660
779;MoneyMix;;0;4183418
790;2rbina;;0;47444002
776;XbiTrade;;0;1285894
785;PayMarket;;0;252944
780;Bitcoin24Pro;;0;90075543
774;ОбменМонет;;0;7040036
766;UniCash;;0;71759671
764;NiceChange;;0;112576460
772;CoinPayMaster;;0;651787397
792;SberBit;;0;385
799;Криптообменник;;0;1612034
801;Coin-Future;;0;28069
793;IceBTC;;0;0
798;Quickex;;0;39785611
808;ChangeCoins;;0;1161991
814;BitBits;;0;98952
835;7Pay;709807738416;1767;698204
827;Crypster;;0;17808407
817;Enter-Change;888424832490;0;63742556
812;Ex-Bank;;0;8526686
823;Обменочка;;0;1478580
809;XbitMoney;155289860990;1711;5314
825;MyChanger;;0;1718268
816;WM007;;0;162417
840;YoChange;;0;289024955
838;AlfaExchange;;0;65265055
839;MyInvestStory;;0;2885
815;Belqi;;0;0
842;AllMoney;406103529800;225;3350725
850;Keine-Exchange;;0;240543450
848;SwapCoin;;0;17477100
852;RamonCash;;0;35242615
855;CoinStart;;0;198822724
858;FixedFloat;;0;12263046
865;Bixter;;0;14289669
869;ExpoChange;412963033166;0;46747009
866;Delets;;0;36437411
872;WM-Obmen;362955051206;1819;392055
871;BitokAi;;0;344598634
895;CryptoBarMen;;0;119769260
867;Сумма;;0;3596747
870;Alfa-Trades;;0;104896004
881;AllTrustMe;;0;6465778
877;Об-мен;963523258975;0;4998396
890;Bitcoff;631856629771;0;0
907;ObmenAT24;;0;1865920
874;ChangeHero;;0;61307437
1093;GetExch;;0;50552949
905;TraiderIdeal;;0;25462
902;BTC-Волга;;0;9776597
885;JPMarket;;0;4524065
897;AnonEx;;0;2005469
888;GramBit;;0;109502458
894;КупиБит;;0;15308779
898;Вобменка;;0;108497
906;CryptoHonest;;0;28978688
901;WMStar;310224582545;0;46349
899;CoinShop24;;0;138511184
900;Obmen-Box;;0;189970
896;CoinChanger;;0;1524072
910;WMT;797230232341;0;259508
915;CoinGuru;;0;0
914;Ex-code;;0;2378
989;CoinsBlack;890273718097;0;17041532
913;Quantex;;0;216161
917;Micro-exchange;;0;0
916;Cryptos;;0;241268
925;Sunduk;;0;1183592
918;КриптоРай;;0;3134
939;EuroBit;;0;12172898
935;Wiki-Exchange;;0;122804784
922;PayWallet;;0;155440
923;HD-Change;;0;31478
943;TopCash;;0;526747
927;Msk-Exchange;;0;29925155
933;TytCash;;0;116457
929;RoyalCash;;0;701654488
930;Crypto-Store;;0;427630
942;ExHub;;0;4389093
944;EExchanger;330964771407;315;34112578
949;Coco-Pay;;0;7548356
948;AbcObmen;;0;198832834
952;ExLine;;0;69870
954;E-Change;;0;79874353
961;MyBTC;;0;34036831
960;Crybex;195257639270;0;39996711
959;ExchangeKey;;0;43357575
953;Livex;;0;0
956;Обменко;;0;41529045
958;24Zone;;0;34827492
963;Global-Ex;;0;133337
955;AlfaBit;;0;44912672
966;BlaBlaChange;;0;132529373
964;ExBase;;0;56092
1018;BissonExchange;;0;51617208
967;КриптоОбмен;;0;1235280
981;WMChanger;;0;3142211
1016;Банкир;;0;8098457
971;CryptoSell;;0;137835
997;CoinJoin;;0;0
985;Tuco;;0;10973945
983;Bitality;;0;717893051
968;CryptoMax;;0;130941382
973;Number1;;0;4266031
977;CityBit;;0;51550767
984;Cash-Bit;;0;0
969;4Money;;0;27093273
994;TipTopObmen;;0;59295425
976;ChangeProject;;0;161890215
992;OneMoment;;0;507028488
970;AlfaChange;;0;394564036
987;Itez;;0;6408521
982;WxMoney;;0;23413817
974;BestKurs24;;0;927034
980;GrandChange;;0;575857377
975;PremierCash;;0;357357
986;PayFull;;0;341546
1011;IChangeOne;137024936562;0;1789213
999;LetsPay;;0;1350325
1003;Crypto-Market24;;0;0
998;Момент;;0;24983
1027;Nordex;;0;9089829
1040;HiExchange;209080513788;563;511625
1013;AvanChange;359556728149;0;40575716
1008;BroExchange;;0;31255833
1005;EezyCash;594705036984;3;27917647
1006;Сова;;0;362326098
1002;ExCenter;;0;18967778
1001;CatBit;;0;1720303
1000;BazaObmena;;0;34688474
1014;Coin24;;0;39686023
1015;ТочкаОбмена;512160110371;0;0
1010;Coinumm;;0;1006168
1032;Crypto-Bank;;0;259073
1026;Ripae;;0;32467
1021;Крипта;;0;236630997
1009;CryptoShopping;;0;9969
1029;SwiftChange;;0;18882830
1004;ExWm;910856141988;742;48812
1038;Обама;455223738561;278;15144572
1036;CoinCat;;0;8708773
1028;BTCSale;;0;5432083
1023;UnioChange;;0;11430383
1033;CosmoChanger;;0;184428588
1025;GlobalBits;;0;65793239
1035;CryptoXchange;;0;13485798
1024;Just-Exchanger;;0;0
1037;Crypik;;0;5664821
1034;ClickPay;285857469245;0;9859130
1047;Money-Office;;0;10351172
1046;Муха;;0;185042
1044;BitBong;;0;27931512
1041;AnyExchange;;0;69590186
1135;SpectrumChange;;0;5690548
1081;DotSatoshi;;0;983998333
1042;CoinBox;;0;36482701
1049;BlaBlaMoney;;0;18966149
1050;Kursov24;;0;545397192
1055;Finex24;;0;0
1065;X-Obmen;905028210175;0;0
1054;24BitBank;;0;94581982
1053;ATMExchanger;;0;546817
1059;ОбменкаSU;;0;1913993
1052;Artek-Exchanger;;0;4922517
1056;First-BTC;;0;19374414
1062;FlyObmen;;0;31649
1064;ObmenGuru;185471005666;150;15498
1051;КриптоКасса;;0;0
1058;EasyBit;;0;130378635
1061;Adb;;0;36048031
1069;Clean-Exchange;;0;2743170
1060;CryptoStrike;;0;59596740
1063;Оборот;;0;1098300
1067;InstaBit;557452850931;0;41738
1066;1Million;;0;0
1074;CoinBlinker;;0;40277867
1070;Монеткин;;0;41882735
1068;Paynote;;0;696040
1071;CoinDrop;;0;4985817
1072;N1ex;;0;177292
1073;IziBTC;;0;0
1079;WMZSale;111804423672;1138;3308096
1078;AtPayz;806980557044;603;2894051
1080;BTCKassa;;0;8832
1094;SCSObmen;951426373513;413;44705
1085;NateBit;;0;44221312
1084;Easy-Change;;0;42274
1083;ExpressMoney;;0;269882
1092;Cash2Pay;;0;191846
1096;BTCWorm;;0;104952925
1087;CryptoKarma;;0;65846355
1100;CoolCoin;;0;42845677
1103;CrystalMoney;;0;890671518
1086;ExchangeForMe;;0;2204306
1102;ZombieCash;708628165872;0;1237053
1105;LigaBTC;283450596145;0;43944513
1089;AllTop;;0;1682907
1098;CashBox;;0;12257644
1088;Swap-Exchange;;0;240718
1101;GrumBot;;0;21763
1095;YaObmen;;0;9767469
1109;MixChanger;;0;60314
1107;Bitfondo;;0;62073088
1106;NiceObmen;;0;1786589
1113;Crypto-Polis;;0;16276063
1115;CriptHub;396352330360;0;16850512
1116;ExBit;;0;1993048
1112;BTCRotor;;0;187328677
1114;YesObmen;;0;896847
1117;BTCBoss;;0;343467668
1124;1654Exchange;;0;3554868
1118;NitroCrypt;;0;736896494
1119;Crypto-Dom;;0;2782556
1122;CoinTok;;0;197435
1120;ExWhite;;0;1638766
1123;Crypocto;255549462586;111;602161
1125;IceSatoshi;;0;6172331
1127;ВсемОбмен;;0;91626
1128;BTchange;257686064312;99;33153019
1129;ExBaza;;0;113038
1130;Base-Exchange;;0;353637
1132;CryptoGin;;0;5530388
1131;Арбуз;;0;3155589
1133;FTCash;;0;1541
1136;Green-Obmenka;139305014241;0;0